priority,raw_file,primary_url,wall_type,substitute_used,substitute_tier,claim_carried,compiled_cite,bypass_helps,in_flight,status
1,a-bloomberg-scrunch-sitecore-repull-2026-09-23.md,https://www.bloomberg.com/news/articles/2026-06-03/sitecore-said-to-acquire-scrunch-for-225-million,metered paywall,headline + 2 paragraphs only,5,Sitecore acquired Scrunch for ~$225M (people familiar),"docs/competitors/scrunch-ai.md:32; docs/competitors/scrunch-ai.md:81 (cited via a-scrunch-funding-sitecore-acquisition-2026-09-22.md and a-vendor-roster-2026-09-22.md, not this repull file)",yes,no,done-9c2aece
1,a-promptwatch-funding-2026-09-22.md,https://sifted.eu/articles/promptwatch-raises-seed-round,hard paywall (obfuscated body),The SaaS News article,5,Promptwatch EUR 6M seed 2026-07-14,docs/competitors/promptwatch.md:6; docs/competitors/promptwatch.md:29; docs/competitors/promptwatch.md:35,yes,no,unknown-checked
1,b-biggo-sensortower-advertisers-820-2026-09-23.md,unknown — businessinsider.com (Sensor Tower 820-advertiser count; URL not recorded),metered paywall,BigGo Finance relay,5,820 ChatGPT advertisers (Sensor Tower),docs/markets/paid-placement.md:133,yes,no,done-9c2aece
1,b-campaign-perplexity-ads-end-2026-09-23.md,unknown — ft.com article 2026-02-17 (URL not recorded),hard paywall,Campaign US relay,5,Perplexity stopped its ad programme,docs/markets/paid-placement.md:182,yes,no,unknown-checked
1,b-pymnts-perplexity-ads-end-2026-09-23.md,unknown — ft.com article 2026-02-17 (URL not recorded),hard paywall,PYMNTS relay,5,Perplexity pulling sponsored answers,docs/findings/ai-ads-evidence.md:53,yes,no,unknown-checked
1,b-techcrunch-grok-ads-plan-2026-09-23.md,unknown — ft.com article 2025-08 (URL not recorded),hard paywall,TechCrunch relay,5,X plans ads inside Grok responses,docs/findings/ai-ads-evidence.md:93,yes,no,done-9c2aece
1,e-case-c8-beautymatter-emarketer-ai-visibility-index-2026-09-22.md,"https://www.emarketer.com/content/ai-visibility-index-beauty-personal-care-q1-2026 (guessed slug, 404)",hard paywall / URL unknown,BeautyMatter pointer,5,"eMarketer AI Visibility Index, beauty Q1 2026",docs/customers/skincare-beauty.md:73,yes,no,done-9c2aece
1,e-case-census-c12-2026-09-22.md,"unknown — third wuv.de article (Reddit-and-AI-citations), URL not recorded",hard paywall,not filed,n/a,EU trade-press AI-visibility case,docs/customers/skincare-beauty.md:74,yes,no,unknown-checked
1,e-case-census-c8-2026-09-22.md,"https://wwd.com/?s=AI (307 to tollbit.wwd.com, HTTP 402)",hard paywall (402 Payment Required),none,n/a,WWD beauty AI-search coverage,docs/customers/skincare-beauty.md:72,yes,no,done-9c2aece
1,e-market-size-emarketer-aiads-paid-2026-09-22.md,https://www.emarketer.com/content/us-ai-advertising-forecast-2026,hard paywall (subscription); DNS fail 2026-09-23,PPC Land pointer,5,US AI ad spend $32.03bn 2026 to $68.25bn 2030,docs/markets/paid-placement.md:52; docs/markets/paid-placement.md:89,yes,no,done-9c2aece
1,e-market-size-emarketer-searchad-paid-2026-09-22.md,https://www.emarketer.com/content/us-search-advertising-forecast-2026,hard paywall (subscription); DNS fail 2026-09-23,table of contents only,n/a,US search ad spend forecast (no figure reached),docs/markets/organic-recommendation.md:38; docs/markets/paid-placement.md:47,yes,no,done-9c2aece
1,e-market-size-stellagent-agentic-2026-09-22.md,unknown — EMARKETER 'AI Commerce 2026' report and Edgar Dunn forecast (URLs not recorded),hard paywall / never tried,Stellagent comparison blog,6,agentic commerce forecasts (EMARKETER; Edgar Dunn $1.7T/$2.9T),docs/markets/agentic-commerce.md:41; docs/markets/agentic-commerce.md:46; docs/markets/agentic-commerce.md:50,yes,no,done-9c2aece
2,a-ahrefs-launch-2026-09-22.md,https://www.businesswire.com/news/home/20260120714417/en/Ahrefs-Launches-Custom-AI-Prompt-Tracking-for-Brand-Visibility,bot wall (Business Wire robots/connection failure; 403 elsewhere),none,n/a,Ahrefs Brand Radar launch date 2026-01-20,docs/competitors/ahrefs.md:10; docs/competitors/ahrefs.md:33; docs/competitors/ahrefs.md:38 (+1 more),no,no,done-3a290b8
2,a-changeagents-funding-filing-2026-09-22.md,unknown — sec.gov Archives for CHGA (CIK not recorded); index via https://www.stocktitan.net/sec-filings/CHGA/,bot wall (sec.gov 403 on 2026-09-22; open 2026-09-23),StockTitan Rhea-AI filing summaries,5,"Change Agents Corp business description, product, capital",docs/competitors/change-agents-corp.md:17; docs/competitors/change-agents-corp.md:27; docs/competitors/change-agents-corp.md:28 (+5 more),no,no,done-c2fef4a
2,a-funding-crunchbase-pitchbook-repull-2026-09-23.md,https://www.crunchbase.com/organization/athenahq ; /peec-ai ; /scrunch-ai ; https://pitchbook.com/profiles/company/759029-50,hard paywall (Crunchbase Pro / PitchBook),free preview fields,5,"AthenaHQ, Peec, Scrunch round amounts and Scrunch buyout value",docs/customers/high-cpa-regulated.md:104,no,no,credential
2,a-hubspot-filing-2026-09-22.md,https://www.sec.gov/cgi-bin/browse-edgar?action=getcompany&CIK=0001404655&type=10-K (10-K filed 2026-02-11; DEF 14A 2026-04-27),bot wall (sec.gov 403 on 2026-09-22; open 2026-09-23),BamSEC filing-index dates,n/a,HubSpot 10-K passage naming AEO / AI search,docs/competitors/hubspot.md:29; docs/competitors/hubspot.md:30; docs/competitors/hubspot.md:68,no,no,done-c2fef4a
2,a-locafy-funding-filing-2026-09-22.md,unknown — sec.gov Archives for LCFY Form F-3 2026-08-04 and 6-K 2025-12-17 / 2026-07-01; index via https://www.stocktitan.net/sec-filings/LCFY/,bot wall (sec.gov 403 on 2026-09-22; open 2026-09-23),StockTitan Rhea-AI filing summaries,5,Locafy shelf $100M; Localizer/Poseidon product; AEO revenue,docs/competitors/locafy.md:16; docs/competitors/locafy.md:28; docs/competitors/locafy.md:29 (+5 more),no,no,done-c2fef4a
2,a-muckrack-customers-2026-09-22.md,https://muckrack.com/resources/case-studies/three-rings-inc-case-study,bot wall (Cloudflare),generativepulse.ai teaser,6,Three Rings case study (Generative Pulse),docs/competitors/muck-rack.md:31; docs/competitors/muck-rack.md:53; docs/competitors/muck-rack.md:67,no,no,done-9c2aece
2,a-muckrack-method-2026-09-22.md,https://generativepulse.ai/report (report PDF behind download form),registration form,landing page text,5,"Muck Rack 'What is AI Reading?' n, prompt set, per-engine breakdown",docs/competitors/muck-rack.md:32; docs/competitors/muck-rack.md:43; docs/competitors/muck-rack.md:69 (+1 more),no,no,credential
2,a-muckrack-pricing-2026-09-22.md,https://muckrack.com/pricing,bot wall (Cloudflare),none,n/a,Muck Rack pricing / price delta,docs/competitors/muck-rack.md:23; docs/competitors/muck-rack.md:24; docs/competitors/muck-rack.md:29 (+2 more),no,no,done-9c2aece
2,a-otterly-customers-2026-09-22.md,https://otterly.ai/instant-geo-case-study,tool truncation (Results section cut mid-list),partial primary,6,Instant Commerce 2x AI visibility,docs/competitors/otterly-ai.md:58; docs/competitors/otterly-ai.md:59; docs/competitors/otterly-ai.md:71,n/a,no,done-9c2aece
2,a-peec-pricing-2026-09-22.md,https://peec.ai/pricing,JS-rendered (no price figures in static HTML),page without figures,3,Peec AI Starter/Pro/Advanced prices,docs/competitors/peec-ai.md:14; docs/competitors/peec-ai.md:19; docs/competitors/peec-ai.md:20 (+9 more),no,no,done-9c2aece
2,a-ppc-land-share-datos-q1-2026-2026-09-22.md,https://datos.live/report/state-of-search-q2-2026/ ; https://datos.live/report/the-current-ai-landscape/,registration form,PPC Land pointer,5,AI share of search under 2% (Datos/SparkToro Q1 2026),docs/findings/market-potential.md:41,no,no,credential
2,a-scrunch-customers-2026-09-22.md,https://scrunch.com/case-studies/akamai-5x-brand-presence-in-ai-search-results/,tool truncation (4000 chars; numeric outcome section cut),partial primary,5,Akamai 5x brand presence,docs/competitors/scrunch-ai.md:58,n/a,no,done-9c2aece
2,a-scrunch-funding-sitecore-acquisition-2026-09-22.md,https://www.prnewswire.com/news-releases/sitecore-acquires-scrunch-to-help-brands-influence-discovery-and-buying-decisions-in-the-ai-search-era-302790214.html,tool truncation (6000 chars; deal terms section not reached),partial primary,3,Sitecore/Scrunch deal terms; Akamai 364% claim,docs/competitors/scrunch-ai.md:29; docs/competitors/scrunch-ai.md:31; docs/competitors/scrunch-ai.md:32 (+4 more),n/a,no,done-9c2aece
2,a-searchable-careers-2026-09-22.md,https://www.searchable.com/careers,JS-rendered job widget,page without roles list,3,Searchable open-role count,docs/competitors/searchable.md:28; docs/competitors/searchable.md:29,no,no,done-9c2aece
2,a-similarweb-share-gen-ai-stats-2026-09-22.md,https://aisearch.similarweb.com/blog/gen-ai-stats/,WebFetch AI-summarised extract,summary extract,4,Similarweb gen-AI traffic shares,docs/findings/market-potential.md:39,n/a,no,done-9c2aece
2,a-vendor-census-c4-2026-09-22.md,https://muckrack.com/press-release (index),bot wall (Cloudflare),none,n/a,Generative Pulse launch date,docs/markets/organic-recommendation.md:25; docs/markets/organic-recommendation.md:87; docs/customers/b2b-saas.md:54 (+10 more),no,no,unknown-checked
2,a-yext-filing-2026-09-22.md,https://www.sec.gov/Archives/edgar/data/1614178/000162828026059706/ex991q2fy27earningsrelease.htm,bot wall (sec.gov 403 on 2026-09-22; open 2026-09-23),investors.yext.com IR copy of Ex. 99.1,3,Yext GoShine acquisition; Scout AI visibility,docs/competitors/yext.md:28; docs/competitors/yext.md:31; docs/competitors/yext.md:36,no,no,done-c2fef4a
2,b-court-dockets-table-2026-09-22.md,https://www.courtlistener.com/docket/72069211/ and 3 further candidate dockets named in file (not opened),bot wall (WAF challenge; fetch reached 2026-09-23),none,2,"dockets naming Amazon, Meta AI, xAI or 'Anthropic advertising'",docs/markets/agentic-commerce.md:100; docs/markets/paid-placement.md:98,no,no,done-RP2A
2,b-criteo-second-source-2026-09-22.md,unknown — sec.gov filings for CRTO (URL not recorded),bot wall (sec.gov 403 on 2026-09-22),StockTitan news summaries,5,Criteo Nasdaq-listed; Q2 2026 results,docs/competitors/criteo.md:16; docs/competitors/criteo.md:28; docs/competitors/criteo.md:32 (+2 more),no,no,done-c2fef4a
2,b-google-gml2026-search-ads-2026-09-22.md,https://blog.google/products/ads-commerce/google-marketing-live-search-ads/,chart (Conversational Discovery Ads / Highlighted Answers images),captions only,3,Google AI Mode ad formats,docs/findings/whitespace.md:46; docs/markets/paid-placement.md:111; docs/customers/skincare-beauty.md:41 (+1 more),n/a,no,done-3a290b8
2,b-microsoft-agentic-commerce-2026-09-22.md,https://about.ads.microsoft.com/en/solutions/technology/agentic-commerce,tool truncation (one FAQ answer on PSP selection cut),partial primary,3,Copilot Checkout PSP rule,docs/findings/whitespace.md:32; docs/markets/agentic-commerce.md:25; docs/markets/agentic-commerce.md:66 (+2 more),n/a,no,done-9c2aece
2,b-microsoft-fy26-q4-release-2026-09-23.md,unknown — sec.gov 10-Q for FY26 Q4 (URL not recorded),bot wall (sec.gov 403),microsoft.com IR press release,3,Microsoft FY26 Q4 search and news advertising revenue,docs/findings/ai-ads-evidence.md:51; docs/markets/paid-placement.md:140,no,no,done-c2fef4a
2,b-perplexity-ads-launch-2026-09-22.md,https://www.perplexity.ai/hub/blog/why-we-re-experimenting-with-advertising,chart (FIG. 01 example ad rendering),text only,3,Perplexity sponsored follow-up format,docs/findings/whitespace.md:6; docs/markets/paid-placement.md:6,n/a,no,done-9c2aece
2,b-pointer-ppcland-uk-chatgpt-ad-share-2026-09-22.md,"unknown — LinkedIn-distributed Adthena 'Monthly AI Data Pulse' June 2026 (11 pages), URL not located",login wall (LinkedIn) / URL unknown,PPC Land pointer,5,UK advertisers zero ChatGPT ad share (Adthena),docs/markets/paid-placement.md:28,no,no,unknown-checked
2,b-ppcland-adthena-29m-report-2026-09-23.md,"unknown — Adthena 'AI Search Ads: The Advertiser Intelligence Report' (29M queries), URL not recorded",registration form / never tried,PPC Land relay,5,"AI search ads report: query types, CTA language, verticals",docs/findings/ai-ads-evidence.md:50; docs/markets/paid-placement.md:163,no,no,credential
2,b-ppcland-sensortower-chatgpt-mix-2026-09-23.md,unknown — Sensor Tower report 'ChatGPT's Ads Business Gains on Rising Density...' not located,never located,PPC Land relay,5,ChatGPT ads $1bn run-rate mix; financial services spend triples,docs/findings/ai-ads-evidence.md:43; docs/markets/paid-placement.md:134,n/a,no,unknown-checked
2,b-reuters-openai-ads-100m-2026-09-23.md,unknown — reuters.com 2026-03-26 (investing.com 403; tradingview paywall),paywall/bot wall on copies,kwsn.com syndicated copy (Reuters byline),5,OpenAI US ad pilot >$100M annualized in six weeks,docs/markets/paid-placement.md:130; docs/markets/paid-placement.md:187,partial,no,unknown-checked
2,c-feedonomics-second-source-2026-09-22.md,unknown — sec.gov filings for CMRC (URL not recorded),bot wall (sec.gov 403 on 2026-09-22),StockTitan news summaries,5,Commerce Inc Q2 2026 revenue $84.5M,docs/competitors/feedonomics.md:27; docs/competitors/feedonomics.md:31; docs/competitors/feedonomics.md:36 (+1 more),no,no,done-c2fef4a
2,c-wix-second-source-2026-09-22.md,unknown — sec.gov filings for WIX (URL not recorded),bot wall (sec.gov 403 on 2026-09-22),StockTitan news summaries,5,Wix ChatGPT app confirmation; Symphony launch,docs/competitors/wix.md:6; docs/competitors/wix.md:17; docs/competitors/wix.md:23 (+6 more),no,no,done-c2fef4a
2,d-technique-census-c2-2026-09-22.md,reddit.com thread (2020) on fake supplement reviews ; api.semanticscholar.org (429),bot wall (Reddit) / rate limit,none,n/a,review-manipulation practitioner thread; citation trail,docs/markets/organic-recommendation.md:88; docs/markets/organic-recommendation.md:89; docs/customers/high-cpa-regulated.md:85,no,no,open
2,d-technique-census-c3-2026-09-22.md,https://www.perplexity.ai/hub/legal/publisher-guidelines (403),bot wall (403; ext opened perplexity.ai/hub 2026-09-22),none,n/a,Perplexity publisher guidelines clause on scaled content,docs/customers/high-cpa-regulated.md:85,no,no,unknown-checked
2,d-technique-census-c7-2026-09-22.md,https://help.openai.com/en/articles/11146633-atlas-security-and-privacy-faq (403) ; https://openai.com/index/prompt-injections/ (403),"bot wall (403; openai.com is 403-to-fetch, ext opens)",none,n/a,OpenAI Atlas prompt-injection hardening statement,docs/findings/unknowns.md:37; docs/findings/whitespace.md:27,no,no,done-3a290b8
2,e-case-c13-quattr-kiteworks-2026-09-22.md,https://www.quattr.com/case-studies (Kiteworks 'Read Case Study' link did not navigate),JS click did not resolve,index card text,6,CloudEagle/Kiteworks 3x AI citation share,docs/competitors/quattr.md:55,no,no,done-3a290b8
2,e-case-c8-beautymatter-ulta-google-agentic-2026-09-22.md,unknown — Ulta Beauty newsroom / IR for Cloud Next '26 announcement (not tried),primary never tried,BeautyMatter pointer,5,Ulta x Google agentic commerce,docs/findings/transition-evidence.md:27; docs/customers/skincare-beauty.md:44; docs/customers/skincare-beauty.md:57,n/a,no,done-RP2A
2,e-case-c8-glossy-5w-ai-beauty-citations-2026-09-22.md,https://www.5wpr.com/new/news/ (404); 5W AI Communications report URL unknown,primary never located,Glossy pointer,5,ingredient-led beauty brands dominate AI citations,docs/customers/skincare-beauty.md:73,n/a,no,unknown-checked
2,e-case-c8-glossy-beauty-briefing-sephora-ulta-ai-2026-09-22.md,"unknown — NielsenIQ, Tinuiti, Ulta IR, LVMH results, Circana primaries (not tried)",primary never tried,Glossy pointer,5,Sephora/Ulta AI partnership figures,docs/customers/skincare-beauty.md:16,n/a,no,done-RP2A
2,e-case-c9-hubspot-omr-podcast-2026-09-22.md,podcast audio (Spotify / Apple Podcasts / YouTube) — no text primary,audio primary,OMR Reviews writeup,5,HubSpot AI-search traffic direction (Jennifer Lapp),docs/findings/transition-evidence.md:43; docs/customers/b2b-saas.md:72; docs/competitors/hubspot.md:52,n/a,no,open
2,e-case-census-c10-2026-09-22.md,https://paymentsdive.com/topic/artificial-intelligence/ (403) ; https://naturalproductsinsider.com/search?q=chatgpt (403) ; insurancejournal.com/tag/artificial-intelligence/ (410),bot wall / gone,Wayback snapshots for two PaymentsDive articles,n/a,high-CPA vertical trade-press case discovery,docs/findings/unknowns.md:35; docs/customers/high-cpa-regulated.md:12; docs/customers/high-cpa-regulated.md:33 (+4 more),no,no,unknown-checked
2,e-case-census-c11-2026-09-22.md,https://www.g2.com/products/brandlight-ai/reviews (1-star filter),bot wall (DataDome slider CAPTCHA),none,n/a,Brandlight negative reviews,docs/markets/organic-recommendation.md:100; docs/customers/high-cpa-regulated.md:76; docs/competitors/peec-ai.md:74,no,no,unknown-checked
2,e-case-census-c13-2026-09-22.md,unknown — Blackbird case page (href not resolvable from vendor customers page),primary never located,none,n/a,Blackbird case,docs/findings/proof-scorecard.md:81; docs/findings/unknowns.md:27; docs/markets/organic-recommendation.md:95 (+37 more),n/a,no,done-3a290b8
2,e-case-census-c8-2026-09-22.md,https://coty.com/newsroom (404) ; https://ir.coty.com (DNS) ; https://investors.olaplex.com/news-events/news (DNS) ; https://beiersdorf.com/media/media-releases (404),primary never reached (404 / DNS),none,n/a,"Coty, Olaplex, Beiersdorf brand-side AI statements",docs/customers/skincare-beauty.md:72,n/a,no,done-3a290b8
2,e-case-foundation-inc-bitly-2026-09-22.md,https://foundationinc.co/case-study/bitly,tool truncation (~6000 chars; Insight/Approach/results not captured),partial primary,5,Bitly AI-search sessions case,docs/customers/b2b-saas.md:66,n/a,no,done-9c2aece
2,e-case-pace-generative-ai-visibility-playbook-2026-09-22.md,https://pacegenerative.com/ai-visibility-playbook/ (case-study PDF form-gated),registration form,landing page,6,Pace Generative fintech SaaS case PDF,docs/competitors/pace-generative.md:54; docs/competitors/pace-generative.md:66,no,no,credential
2,e-case-practitioner-blog-gauravtiwari-ai-overviews-ctr-2026-09-22.md,https://gauravtiwari.org/ai-overviews-are-killing-your-blog-traffic-adapt-and-win/,"tool truncation (~10,000 chars of a longer article)",partial primary,5,AI Overviews CTR self-measured audit,docs/findings/proof-scorecard.md:31,n/a,no,done-9c2aece
2,e-case-seer-interactive-content-recency-2026-09-22.md,https://www.seerinteractive.com/work/case-studies/do-ai-models-prefer-fresher-content-testing-content-recency-in-geo,chart (two results charts are images),prose description only,5,+54% GPT-User bot hits (Silver-graded case),docs/findings/proof-scorecard.md:30; docs/findings/transition-evidence.md:41; docs/customers/b2b-saas.md:73 (+3 more),n/a,no,done-9c2aece
2,e-engine-user-count-checks-2026-09-23.md,https://openai.com/index/buy-it-in-chatgpt/ (403) ; https://datos.live/report/state-of-search-q2-2026/ (form),bot wall / registration form,WebSearch result summaries,7,OpenAI commerce GMV absence; Datos share,docs/markets/agentic-commerce.md:130,no,no,done-3a290b8
2,e-market-size-dimensionmarketresearch-organic-2026-09-22.md,https://dimensionmarketresearch.com/report/generative-engine-optimization-geo-market/,JS-rendered (title only),DuckDuckGo snippet,6,GEO market size (noise-level forecast),docs/markets/organic-recommendation.md:45,no,no,done-3a290b8
2,e-market-size-emarketer-openai-paid-2026-09-22.md,https://www.axios.com/2026/04/09/openai-100-billion-in-ad-revenue,bot wall / paywall (axios 403),EMARKETER relay of Axios,5,"OpenAI projects $2.5bn ad revenue 2026, $100bn by 2030",docs/markets/paid-placement.md:55,partial,no,done-3a290b8
2,e-market-size-grandviewresearch-agentic-2026-09-22.md,https://www.grandviewresearch.com/industry-analysis/agentic-commerce-market-report,bot wall (robots 403 both tools),DuckDuckGo snippet,6,agentic commerce market size (noise-level forecast),docs/markets/agentic-commerce.md:52,no,no,done-3a290b8
2,e-market-size-mckinsey-agentic-2026-09-22.md,https://www.mckinsey.com/industries/retail/our-insights/the-agentic-commerce-opportunity (guessed slug; robots connection failure),primary never reached,Digital Commerce 360 pointer,5,agentic commerce $1T US / $3-5T global by 2030,docs/markets/agentic-commerce.md:49,no,no,done-3a290b8
2,e-openai-chatgpt-user-counts-2026-09-23.md,https://openai.com/index/accelerating-the-next-phase-ai/ (403 direct and archive) ; DevDay 800M WAU statement not at an OpenAI URL,bot wall (403),Wayback captures of other OpenAI posts; TechCrunch relay,3,ChatGPT 800M/900M WAU; $122B raise,docs/markets/organic-recommendation.md:128; docs/markets/paid-placement.md:197,no,no,done-3a290b8
2,e-perplexity-user-query-counts-2026-09-23.md,https://www.perplexity.ai/hub/blog/perplexity-launches-enterprise-pro (403 direct and archive) ; https://www.perplexity.ai/page/ceo-says-perplexity-hit-780m-q-dENgiYOuTfaMEpxLQc2bIQ (title only),bot wall (403) / JS-rendered archive,search snippet '169 million queries per month'; Wayback title,5,Perplexity query volume (780M/month; 169M/month),docs/findings/market-potential.md:6,no,no,done-3a290b8
2,f-agency-census-c5-2026-09-22.md,https://www.crunchbase.com/organization/gr0,bot wall (403) + Crunchbase Pro,none,n/a,GR0 funding,docs/markets/organic-recommendation.md:17; docs/markets/organic-recommendation.md:25; docs/markets/organic-recommendation.md:26 (+16 more),no,no,credential
2,f-intero-digital-martech360-2026-09-22.md,https://martech360.com/news/intero-digital-announces-intero-gro-making-an-impact-with-advanced-generative-engine-optimization/,primary never tried,DuckDuckGo snippet,5,Intero Gro launch,docs/competitors/intero-digital.md:14,n/a,no,done-3a290b8
2,f-onfolio-press-2026-09-22.md,unknown — GlobeNewswire original 2025-07-22 (URL not recorded),primary never tried,Yahoo Finance mirror,5,Onfolio / Pace Generative ThriveCart webinar release,docs/competitors/pace-generative.md:47,n/a,no,done-3a290b8
2,f-pace-generative-clients-2026-09-22.md,"unknown — GlobeNewswire release 2025-07-02 (also nasdaq.com/press-release/onfolio...), URL not recorded",primary never tried,StockTitan mirror,5,Pace Generative 358% AI Overview increase; 2% to 5% conversion,docs/competitors/pace-generative.md:30; docs/competitors/pace-generative.md:36; docs/competitors/pace-generative.md:53 (+1 more),n/a,no,done-3a290b8
2,f-seer-interactive-sel-topic-2026-09-22.md,https://searchengineland.com/topic/seer-interactive,bot wall (Cloudflare) + JS listing empty,DuckDuckGo snippet,5,SEL recurring Seer Interactive topic archive,docs/competitors/seer-interactive.md:65,no,no,open
2,f-signal-bs-S1-linkedin-jobs-guest-api-2026-09-22.md,https://www.linkedin.com/company/mercury ; AutoLeap ; Actindo company pages,login wall (LinkedIn),"DuckDuckGo snippets (PitchBook, Revelio, RocketReach, LeadIQ)",3,employer headcounts for S1 postings,docs/findings/transition-evidence.md:28; docs/findings/unknowns.md:28; docs/findings/unknowns.md:108 (+2 more),no,no,credential
2,f-signal-bs-S5-S6-paid-agentic-2026-09-23.md,https://www.e2msolutions.com (403),bot wall (403),WebSearch synthesis,3,agency ChatGPT-ads service claim (partial verbatim),docs/findings/demand-map.md:112; docs/customers/b2b-saas.md:104,no,no,done-3a290b8
2,f-signal-hr-S11-price-paid-2026-09-22.md,none opened,primary never tried,search-result titles only,n/a,"price paid for GEO tooling, high-CPA",docs/customers/high-cpa-regulated.md:42; docs/customers/high-cpa-regulated.md:68,n/a,no,unknown-checked
2,f-signal-hr-S12-llmstxt-sample-2026-09-22.md,https://www.geico.com/llms.txt (403) ; https://www.gnc.com/llms.txt (307 px-captcha),bot wall (measured-by-us),reported as unresolved,1,"llms.txt presence, insurance/supplements sample",docs/customers/high-cpa-regulated.md:43,no,no,unknown-checked
2,f-signal-hr-S2-paid-agentic-check-2026-09-23.md,platforms' own roster pages for ChatGPT Instant Checkout / Google AI Mode / Perplexity merchant pilots (not pulled),primary never tried,Search Engine Land relay; trade summaries,5,brand rosters in paid/agentic pilots,docs/findings/demand-map.md:115; docs/customers/high-cpa-regulated.md:104; docs/customers/high-cpa-regulated.md:108,n/a,no,open
2,f-signal-hr-band-attribution-2026-09-23.md,https://www.linkedin.com/company/geico ; amica-mutual-insurance-co ; embrace-pet-insurance ; insurify ; the-juice-plus-company (People counts),login wall (LinkedIn),WebSearch synthesis over aggregators,5,size-band attribution for high-CPA employers,docs/findings/demand-map.md:113; docs/findings/demand-map.md:144; docs/customers/high-cpa-regulated.md:104,no,no,credential
2,f-signal-sk-S12-llms-txt-beauty-domains-2026-09-22.md,https://www.esteelauder.com/llms.txt (Akamai 403) ; https://www.ulta.com/llms.txt (waiting-room page),bot wall (measured-by-us),reported as unresolved,1,"llms.txt presence, beauty sample",docs/findings/transition-evidence.md:6; docs/customers/skincare-beauty.md:38,no,no,unknown-checked
2,f-signal-sk-S6-gr0-agency-case-studies-2026-09-22.md,https://gr0.com/pricing,JS-rendered (Framer),no price text,6,GR0 GEO service list price,docs/customers/skincare-beauty.md:59,no,no,unknown-checked
2,f-signal-sk-S6-paid-agencies-2026-09-23.md,https://www.chatgptadlibrary.com/beauty-skincare/ads (429),rate limit (429),search-indexed title,6,ChatGPT ad library beauty category,docs/customers/skincare-beauty.md:104,no,no,done-3a290b8
3,a-cloudflare-crawl-refer-ratio-blog-2026-09-22.md,https://blog.cloudflare.com/ai-search-crawl-refer-ratio-on-radar/,chart,prose description only,4,referral and crawling time-series charts,none,n/a,no,done-3a290b8
3,a-cloudflare-crawler-purpose-industry-blog-2026-09-22.md,https://blog.cloudflare.com/ai-crawler-traffic-by-purpose-and-industry/,chart,prose description only,4,bot-share and crawl-purpose graphs,none,n/a,no,done-3a290b8
3,a-comscore-share-jan-2026-mobile-desktop-2026-09-22.md,https://www.comscore.com/Insights/Press-Releases/2026/1/AI-Assistants-Head-into-2026-on-a-High-Note,WebFetch AI-summarised extract (primary reached),summary extract,4,assistant unique-visitor shares Jan 2026,none,n/a,no,open
3,a-comscore-share-march-2026-rankings-2026-09-22.md,https://www.comscore.com/Insights/Press-Releases/2026/5/Comscore-March-2026-Consumer-AI-Chatbot-Usage-Rankings-Show-Claude-Gaining-Share,WebFetch AI-summarised extract,summary extract,5,assistant rankings March 2026,none,n/a,no,open
3,a-comscore-share-q1-2026-ai-intelligence-2026-09-22.md,https://www.comscore.com/Insights/Press-Releases/2026/6/Comscore-s-Q1-2026-AI-Intelligence-Report,WebFetch AI-summarised extract,summary extract,5,Q1 2026 AI Intelligence shares,none,n/a,no,open
3,a-scrunch-careers-2026-09-22.md,https://jobs.ashbyhq.com/scrunch,JS-rendered job board,HTML shell,3,Scrunch open-role count,none,no,no,open
3,a-searchenginejournal-share-ai-visibility-2026-09-22.md,unknown — Similarweb 7-engine May 2026 table (not located on similarweb.com),primary never located,Search Engine Journal,5,"engine shares incl. DeepSeek 4.1%, Grok 2.4%, Perplexity 1.3%",none,n/a,no,open
3,a-similarweb-share-zero-click-marketing-2026-09-22.md,https://aisearch.similarweb.com/blog/zero-click-marketing/,WebFetch AI-summarised extract,summary extract,4,zero-click and referral figures,none,n/a,no,open
3,a-sitefire-docs-2026-09-22.md,https://www.sitefire.ai/docs,tool truncation (Methodology and actions section not captured),partial primary,3,Sitefire measurement methodology,none,n/a,no,open
3,a-sparktoro-share-brand-mentions-downstream-2026-09-22.md,unknown — Similarweb 'The Downstream Impact of AI Visibility' report (URL not recorded),primary never tried,SparkToro blog,4,AmEx +7.2% direct visits after AI recommendation,none,n/a,no,open
3,a-sparktoro-share-zero-click-2026-09-22.md,https://sparktoro.com/blog/in-2026-less-than-one-third-of-google-searches-still-send-a-click/,WebFetch AI-summarised extract,summary extract,4,under one-third of Google searches send a click,none,n/a,no,open
3,a-statcounter-share-ai-chatbot-market-share-2026-09-22.md,https://gs.statcounter.com/ai-chatbot-market-share,JS dashboard summarised; device splits not captured,summary extract,4,chatbot referral share Aug 2026,none,n/a,no,open
3,b-adthena-chatgpt-ad-index-2026-09-23.md,https://www.adthena.com/chatgpt-ad-index/,JS-rendered figures,page shell,5,Adthena ChatGPT Ad Index values,none,no,no,done-602f55b
3,b-adweek-gemini-ads-report-2026-09-23.md,https://www.adweek.com/media/google-gemini-ads-2026/,metered paywall (after para 4),free portion,5,Google briefing buyers on Gemini ads 2026,none,yes,no,unknown-checked
3,b-adweek-koah-series-a-2026-09-23.md,https://www.adweek.com/media/koah-adsense-for-chatgpt-series-a/,metered paywall (after para 3),free portion,5,Koah Series A; total >$26M,none,yes,no,unknown-checked
3,b-court-reddit-v-anthropic-2026-09-22.md,"https://storage.courtlistener.com/recap/gov.uscourts.cand.452341/ Exhibit A (state-court complaint, scanned PDF, no text layer)",scan without text layer (OCR needed),Notice of Removal paraphrase,2,Reddit v. Anthropic complaint wording,none,n/a,no,open
3,b-eu-regulator-ai-act-2026-09-22.md,https://eur-lex.europa.eu/legal-content/EN/TXT/HTML/?uri=CELEX:32024R1689,tool truncation (JS tool ~1000-char cap; recitals 132-133 cut),partial primary,2,EU AI Act Art. 50 and recitals,none,n/a,no,open
3,b-eu-regulator-dsa-2026-09-22.md,https://eur-lex.europa.eu/legal-content/EN/TXT/HTML/?uri=CELEX:32022R2065,tool truncation (Art. 26 para 2 items (c)-(g) cut),partial primary,2,DSA Art. 26/27 advertising transparency,none,n/a,no,open
3,b-koah-launch-release-2026-09-23.md,https://koahlabs.com/monetize ; https://koahlabs.com/publishers,JS shell (379 chars),PRNewswire release,3,Koah publisher/advertiser figures,none,no,no,open
3,b-microsoft-ads-in-copilot-2026-09-22.md,https://learn.microsoft.com/en-us/advertising/msa-help/hlp_ba_conc_adsforcopilot,chart (three ad-format example images),text only,3,Copilot ad formats,none,n/a,no,done-3a290b8
3,b-openai-ads-basics-pricing-2026-09-22.md,https://help.openai.com/en/articles/20001207-ads-in-chatgpt-the-basics,chart (example ad unit image),text only,3,ChatGPT ad unit appearance,none,n/a,no,open
3,b-openai-approach-advertising-2026-09-22.md,https://openai.com/index/our-approach-to-advertising-and-expanding-access/,chart (example ad format image),text only,3,ChatGPT ad format,none,n/a,no,unknown-checked
3,b-perplexity-merchant-terms-archive-2026-09-22.md,https://web.archive.org/web/20250716051449/https://www.perplexity.ai/hub/legal/merchant-program-terms-of-service,JS-rendered (Framer) blank in archive,capture-calendar metadata only,3,prior Perplexity Merchant Program terms text,none,partial,no,open
3,b-seroundtable-similarweb-ctr-2026-09-23.md,unknown — Similarweb slide posted on X (URL not recorded),primary never tried,Search Engine Roundtable,6,ChatGPT ads click-through rates,none,n/a,no,open
3,b-trendsvc-ai-ad-networks-2026-09-23.md,https://trends.vc/ai-ad-networks-rented-inventory-shrinking-seconds-brand-fact-audits/,hard paywall (Pro section),free portion,6,noise-level only,none,yes,no,unknown-checked
3,b-uk-regulator-asa-2026-09-22.md,https://www.asa.org.uk/news/disclosure-of-ai-in-advertising-striking-the-balance-between-creativity-and-responsibility.html,tool truncation (quotes cut at ~1000 chars),partial primary,3,ASA/CAP AI disclosure guidance,none,n/a,no,open
3,b-us-regulator-ai-chatbot-inquiry-2026-09-22.md,https://www.ftc.gov/news-events/news/press-releases/2025/09/ftc-launches-inquiry-ai-chatbots-acting-companions,tool truncation (6(b) order list cut),partial primary,2,FTC 6(b) inquiry information list,none,n/a,no,open
3,b-us-regulator-endorsement-guides-2026-09-22.md,https://www.ecfr.gov/current/title-16/chapter-I/subchapter-B/part-255,"tool truncation (paragraphs cut; 255.1-255.4, 255.6 not pulled)",partial primary,2,16 CFR 255 endorsement definitions,none,n/a,no,open
3,b-us-regulator-native-advertising-2026-09-22.md,https://www.ftc.gov/business-guidance/resources/native-advertising-guide-businesses,tool truncation (paragraphs cut; examples 1-17 partial),partial primary,3,FTC native advertising disclosure standard,none,n/a,no,open
3,c-adobe-analytics-q2-2026-traffic-report-2026-09-22.md,https://business.adobe.com/resources/sdk/.2026-q2-ai-traffic-report/q2-2026-adi-ai-sourced-traffic-insights.pdf,"chart (y-axis unlabeled; 12% callout ambiguous); pages 4, 6, 13-55 not captured",partial primary,4,AI vs non-AI engagement/conversion (retail) Q2 2026,none,n/a,no,unknown-checked
3,c-adobe-analytics-q3-2026-traffic-report-2026-09-22.md,https://business.adobe.com/resources/sdk/.q3-ai-traffic-trends-report/q3-2026-ai-sourced-traffic-insights.pdf,"chart (15% callout ambiguous); pages 4-5, 13-53 not captured",partial primary,4,AI vs non-AI conversion (retail) May 2026; travel section,none,n/a,no,open
3,c-microsoft-merchant-center-overview-2026-09-22.md,https://learn.microsoft.com/en-us/advertising/msa-help/hlp_ba_conc_aboutbingmerchantcenter,chart ('Ad example' image),text only,3,Merchant Center ad example,none,n/a,no,done-3a290b8
3,d-comparison-zapier-best-crm-noise-2026-09-22.md,https://www.forbes.com/advisor/credit-cards/best-credit-cards/ ; https://www.investopedia.com/best-credit-cards-4842373,bot wall,Zapier specimen only,7,high-CPA listicle specimen (noise only),none,no,no,open
3,d-injection-anthropic-computeruse-docs-2026-09-22.md,https://hackerone.com/anthropic-vdp,bot wall (403),platform docs only,3,Anthropic VDP scope for prompt injection,none,no,no,open
3,d-injection-openai-operator-systemcard-2026-09-22.md,https://openai.com/index/chatgpt-atlas/ ; https://help.openai.com/en/articles/11146633-atlas-safety-and-security ; https://bugcrowd.com/openai,bot wall (403),2025-01 Operator system card PDF (stale),3,Atlas-era prompt-injection mitigations,none,no,no,open
3,d-review-ftc-fake-reviews-rule-2026-09-22.md,https://www.ecfr.gov/current/title-16/chapter-I/subchapter-D/part-465/section-465.2,tool truncation (each clause cut at ~100 chars),partial primary,2,16 CFR 465.2 fake-review prohibitions,none,n/a,no,open
3,d-structured-llmstxtio-adoption-blog-2026-09-22.md,"unknown — nerdydata.com count page (951 domains, July 2025) and llmstxthub.com",primary never tried,llms-txt.io blog,6,llms.txt adoption counts,none,n/a,no,open
3,d-structured-priority-engines-llms-txt-selfpublish-2026-09-22.md,https://ai.google.dev/gemini-api/docs/llms.txt (302 to OAuth) ; https://perplexity.ai/llms.txt (403),login wall (OAuth) / bot wall,inconclusive rows,1,engine operators' own llms.txt,none,no,no,credential
3,d-technique-census-c5-2026-09-22.md,https://llmstxt.site/ (2.66MB client-rendered directory) + 4 browser-backlog URLs listed in file,JS-rendered / login-gated (5 items),none,n/a,llms.txt adoption directory count,none,no,no,open
3,d-technique-census-c6-2026-09-22.md,"https://openai.com/index/chatgpt-atlas/ (403) ; https://help.openai.com/en/articles/11146633-atlas-safety-and-security (403) ; https://hackerone.com/anthropic-vdp (403) ; https://www.perplexity.ai/hub/blog/comet-security-update (403, guessed)",bot wall (403),none,n/a,"engine countermeasure statements (Atlas, Anthropic VDP, Comet)",none,no,no,open
3,e-analyst-paywalls-repull-2026-09-23.md,https://www.gartner.com/en/search?keywords=generative%20engine%20optimization ; https://www.forrester.com/report/-/RES188745 ; https://www.statista.com/topics/10825/ai-powered-online-search/,hard paywall (client seat / $1495 purchase / login chart values),titles and teasers,6,analyst AEO/GEO report bodies; no sub-market size found,none,no,no,credential
3,e-case-boily-dental-geo-comparison-2026-09-23.md,https://boily.co.kr/guide/geo-repair-case-2026-06,chart (chart images not captured; related self-measurement posts not opened),text only,5,Korean dental GEO comparison N=2,none,n/a,yes,done-3a290b8
3,e-case-c12-m4e-semrush-index-2026-09-22.md,unknown — Semrush 'AI Visibility Index' study page (URL not recorded); marketing4ecommerce.net curl 403,bot wall on relay; primary never tried,Spanish trade-press relay,6,Semrush AI Visibility Index brand results,none,no,no,open
3,e-case-c12-m4e-semrush-index-2026-09-22.md,https://marketing4ecommerce.net/marcas-visibilidad-en-las-busquedas-con-ia/,"WebFetch summary, not verbatim",structured summary,6,Semrush AI Visibility Index relay,none,n/a,no,open
3,e-case-c12-uclic-trafic-ia-2026-09-22.md,"unknown — Visibility Labs 94-brand study (via ALM Corp), URL not recorded",primary never tried,Uclic aggregation blog,6,AI traffic vs Google conversion (aggregated),none,n/a,no,open
3,e-case-c12-wuv-eon-2026-09-22.md,https://www.wuv.de/themen/marke/ki-veraendert-sichtbarkeit-wie-e.on-kommunikation-neu-denkt,hard paywall (after para 4),teaser only,n/a,E.ON AI-search comms interview; no metric captured,none,yes,no,unknown-checked
3,e-case-c12-wuv-seowerk-2026-09-22.md,https://www.wuv.de/themen/ki-tech/was-bei-geo-wirklich-wirkt-und-was-marken-ueberschaetzen,hard paywall (after para 2),teaser only,n/a,Seowerk GEO measurability interview; no metric captured,none,yes,no,unknown-checked
3,e-case-c8-beautymatter-stella-rising-geo-webinar-2026-09-22.md,"unknown — Adobe Analytics report, BCG/WWD survey; https://stellarising.com/case-studies (404)",primary never reached,BeautyMatter pointer,5,beauty brand AI-visibility webinar figures,none,n/a,no,open
3,e-case-c8-elf-beauty-chopra-llm-discovery-2026-09-22.md,unknown — no E.l.f. Beauty primary page found for the '60%' statement,primary never located,Glossy pointer,5,e.l.f. 60% LLM-discovery figure,none,n/a,no,open
3,e-case-c9-deeploi-radyant-2026-09-22.md,https://www.radyant.io/cases/deeploi-ai-search,tool truncation (final section cut),partial primary,5,deeploi AI-search case,none,n/a,no,open
3,e-case-c9-heyflow-mrr-radyant-2026-09-22.md,https://www.radyant.io/cases/heyflow,tool truncation (section cut),partial primary,5,Heyflow MRR pipeline case,none,n/a,no,open
3,e-case-c9-heyflow-youtube-radyant-2026-09-22.md,https://www.radyant.io/cases/heyflow-youtube,tool truncation (section cut; page marked partial by source),partial primary,5,Heyflow YouTube 593 brand mentions,none,n/a,no,open
3,e-case-c9-previsible-ai-discovery-2026-09-22.md,https://www.businesswire.com/news/home/20260706755932/en/ (403) ; https://previsible.com/wp-content/uploads/2026/07/2026-State-of-AI-Discovery-Report-by-Previsible.pdf,bot wall (403) / PDF not fetched,workflowotg.com mirror of release,5,"Previsible 2026 State of AI Discovery (site count, session count)",none,no,no,open
3,e-case-census-c3-2026-09-22.md,https://smxmuenchen.de/en/agenda/2026/ (partial render) ; OMR Festival stage programme,JS-rendered / partial,day-1 partial capture,3,SMX Munich day 2 and OMR sessions,none,no,no,open
3,e-case-chime-careers-airops-2026-09-23.md,https://careers.chime.com/en/life-at-chime/chime-launches/inside-chime-s-strategy-to-lead-in-ai-search/,bot wall (Cloudflare 403),Wayback snapshot 2026-02-23,3,Chime AI-search strategy interview (brand side),none,no,yes,open
3,e-case-fortune-hubspot-blog-traffic-loss-2026-09-23.md,https://fortune.com/2026/09/22/hubspot-ai-impact-marketing-blog-posts-traffic/,none recorded (verbatim: partial); user-named check under bypass,op-ed body captured by fetch,3,HubSpot lost 5M blog visits/month,none,yes,yes,done-9c2aece
3,e-case-foundation-inc-ai-citation-fingerprint-2026-09-22.md,https://foundationinc.co/lab/ai-citation-b2b-saas (full report behind Foundation Labs $79/mo),hard paywall (report body),summary article,5,"57.2M citations, 50 B2B brands, 5 platforms, 60 days",none,yes,no,credential
3,e-case-iac-investor-deck-2026-02-03-2026-09-22.md,https://www.sec.gov/Archives/edgar/data/1800227/000162828026004988/iacq42025earningscallpre.htm,chart (Google Search referrals bars vs 50% callout not reconciled),text of chart labels,2,IAC 50% decline in Google Search referrals since 2023,none,n/a,no,done-RP2A
3,e-case-jonathanmall-geo-experiment-2026-09-23.md,https://jonathanmall.com/en/geo-experiment-ai-citation-test/,"chart (Jaccard chart, per-page bar chart)",captions only,5,GEO citation experiment noise floor,none,n/a,yes,done-3a290b8
3,e-case-otterly-chatarmin-2026-09-23.md,https://otterly.ai/blog/chatarmin-geo-ai-search-playbook/,chart (figures not captured),text only,5,Chatarmin GEO playbook results,none,n/a,yes,open
3,e-case-otterly-geo-guide-experiment-claims-2026-09-23.md,https://otterly.ai/blog/geo-gsvo/,chart (figures and video not captured),text only,5,Otterly GEO guide experiment claims,none,n/a,yes,open
3,e-case-otterly-html-vs-markdown-experiment-2026-09-23.md,https://otterly.ai/blog/geo-experiment-html-vs-markdown/,chart (figures not captured),text only,5,HTML vs .md mirror crawler test,none,n/a,yes,done-RP2A
3,e-case-otterly-llms-txt-experiment-2026-09-23.md,https://otterly.ai/blog/the-llms-txt-experiment/,chart (figures not captured),text only,5,"llms.txt 0.1% of 62,100 bot requests",none,n/a,yes,done-RP2A
3,e-case-otterly-nola-spoc-2026-09-23.md,https://otterly.ai/blog/nola-marketing-ai-citation-rank-case-study/,chart (figures not captured),text only,5,NOLA Marketing citation rank case,none,n/a,yes,open
3,e-case-otterly-reddit-experiment-2026-09-23.md,https://otterly.ai/blog/reddit-geo-ai-search-citations/,chart (figures and embedded video not captured),text only,5,Reddit community citation experiment 60 days,none,n/a,yes,done-RP2A
3,e-case-otterly-sornai-pagepilot-2026-09-23.md,https://otterly.ai/blog/geo-case-study-sornai/,chart (figures not captured),text only,5,SORN.AI / PagePilot case,none,n/a,yes,open
3,e-case-otterly-whatifweb-2026-09-23.md,https://otterly.ai/blog/geo-case-study-whatifweb/,chart (figures not captured),text only,5,What IF Web AI traffic +300% 28 days,none,n/a,yes,open
3,e-case-practitioner-blog-veonib-chatgpt-ads-india-2026-09-22.md,https://www.youtube.com/watch?v=F-p5k_iyemw,video primary (no transcript pulled),VEONIB summary page,6,ChatGPT Ads India practitioner results,none,n/a,no,open
3,e-case-smx-advanced-christian-hustle-2026-09-22.md,https://www.youtube.com/watch?v=3dsiASlvNLQ (transcript not exposed),video primary (transcript unavailable),"title, description, LinkedIn post",6,Uberall 90-day GEO result talk,none,n/a,no,open
3,e-gartner-search-volume-prediction-2026-09-23.md,https://www.gartner.com/en/newsroom/press-releases/2024-02-19-gartner-predicts-search-engine-volume-will-drop-25-percent-by-2026-due-to-ai-chatbots-and-other-virtual-agents (Predicts 2024 report client-gated),bot wall (403) + client-gated report,Wayback capture of press release,6,search volume -25% by 2026 prediction,none,no,no,credential
3,e-market-size-magna-2025-paid-2026-09-23.md,unknown — MAGNA global ad forecast (URL not recorded),primary never tried,Marketing Dive relay,5,global ad spend $979B (2025 base),none,n/a,no,open
3,e-market-size-mediapost-emarketer-aisearch-paid-2026-09-23.md,unknown — emarketer.com report 'AI search ad spend to top $101 billion globally by 2030' (URL not recorded),hard paywall + DNS fail,MediaPost relay,5,AI search ad spend $26B by 2029 (US),none,yes,no,open
3,e-market-size-mordor-agentic-2026-09-23.md,https://www.mordorintelligence.com/industry-reports/agentic-artificial-intelligence-in-retail-and-ecommerce-market,partial (2025 value from WebSearch snippet only),WebSearch snippet,6,agentic AI retail market 2025 USD 46.74bn,none,no,no,open
3,e-market-size-wppmedia-midyear-paid-2026-09-23.md,https://www.wppmedia.com/thought-leadership/this-year-next-year/midyear-2026 (full forecast clients only); marketingweek.com relay 403,client-gated + bot wall on relay,landing-page quotes,5,"gen-AI search ad revenue $5.1bn, ~0.4% of total",none,no,no,credential
3,e-meta-ai-user-counts-2026-09-23.md,https://s21.q4cdn.com/399680738/files/doc_financials/2025/q1/META-Q1-2025-Earnings-Call-Transcript.pdf (returned HTML page),primary not served,other quarters' transcripts,3,Meta AI MAU Q1 2025,none,n/a,no,open
3,e-spacex-s1a-grok-mau-2026-09-23.md,https://www.sec.gov/Archives/edgar/data/1181412/000162828026040364/spaceexplorationtechnologib.htm,extraction defect (leading digits cut at decimal in two figures),sentence extracts,2,Grok+X combined MAU (~?.3 billion); SuperGrok paid subscribers (~?9 million),none,n/a,no,done-c2fef4a
3,f-conference-ana-ai-technology-marketers-agenda-2026-09-22.md,https://www.ana.net/content/show/id/ms-mfm-sep26-agenda,chart (General Sponsors logos as images),text only,3,ANA conference sponsor list,none,n/a,no,open
3,f-conference-geo-conference-nyc-2026-agenda-2026-09-22.md,https://geo-conference.com/events/nyc-2026,chart (title sponsor logo image),text only,3,GEO Conference title sponsor,none,n/a,no,open
3,f-conference-mozcon-london-2026-agenda-2026-09-22.md,https://moz.com/mozcon/schedule,legal-copyright paraphrase (abstracts paraphrased),paraphrase,3,MozCon session abstracts,none,n/a,no,open
3,f-signal-bs-S12-llms-txt-domains-2026-09-22.md,https://www.zendesk.com/llms.txt and one further access-blocked domain (see file),bot wall (measured-by-us),excluded from sample,1,"llms.txt presence, B2B SaaS sample",none,no,no,done-RP2A
4,e-case-census-c5-2026-09-22.md,"reddit.com r/SEO, r/bigseo, r/PPC threads (all methods refused)",bot wall (Reddit; Arctic Shift route),DuckDuckGo snippets for discovery,n/a,P4 negative cases and advertiser-reported results,none,no,no,done-2df8a8d
4,f-intero-digital-reddit-community-2026-09-22.md,https://www.reddit.com/r/GenEngineOptimization/about/,bot wall (Reddit; use Arctic Shift),DuckDuckGo snippet,4,r/GenEngineOptimization founding agency,none,no,no,open
4,f-signal-bs-S1-indeed-2026-09-22.md,https://www.indeed.com/jobs?q=%22generative+engine+optimization%22,bot wall (Cloudflare; logged-in ext reached 2026-09-23),none,n/a,"S1 postings, B2B SaaS",none,no,no,unknown-checked
4,f-signal-bs-S5-reddit-2026-09-22.md,https://www.reddit.com/r/SEO/search.json?q=%22AI%20visibility%22%20SaaS,bot wall (Reddit 403; Arctic Shift route),none,n/a,"S5 community thread volume, B2B SaaS",none,no,no,done-631dedd
4,f-signal-hr-S1-indeed-upwork-freelancer-2026-09-22.md,https://www.indeed.com/jobs?q=generative+engine+optimization+insurance,bot wall (Cloudflare; logged-in ext reached 2026-09-23),none,n/a,"S1 postings, high-CPA",docs/customers/high-cpa-regulated.md:32,no,no,unknown-checked
4,f-signal-hr-S10-procurement-2026-09-22.md,https://ted.europa.eu/en/search/result?FT=%22generative%20engine%20optimization%22,bot wall (405 Human Verification; ext reached 2026-09-23),none,n/a,"S10 EU tenders, high-CPA",docs/customers/high-cpa-regulated.md:41,no,no,done-631dedd
4,f-signal-hr-S5-community-2026-09-22.md,https://www.reddit.com/r/SEO/search.json?q=insurance%20GEO,bot wall (Reddit 403; Arctic Shift route),HN Algolia only,n/a,"S5 community thread volume, high-CPA",docs/customers/high-cpa-regulated.md:36,no,no,done-631dedd
4,f-signal-sk-S1-jobs-linkedin-indeed-upwork-freelancer-2026-09-22.md,https://www.indeed.com/jobs?q=%22generative+engine+optimization%22+beauty,bot wall ('Blocked - Indeed.com'),LinkedIn only,3,"S1 postings, beauty",docs/findings/review-1-2026-09-23.md:45; docs/findings/transition-evidence.md:22; docs/customers/skincare-beauty.md:16 (+5 more),no,no,unknown-checked
4,f-signal-sk-S10-procurement-2026-09-22.md,https://ted.europa.eu/en/search/result,bot wall (Human Verification),none,n/a,"S10 EU tenders, beauty",none,no,no,done-631dedd
4,f-signal-sk-S5-hn-algolia-reddit-2026-09-22.md,"reddit.com/r/SkincareAddiction, r/beauty search.json (403)",bot wall (Reddit 403; Arctic Shift route),HN Algolia only,n/a,"S5 community thread volume, beauty",none,no,no,open
4,f-ted-S10-repull2-2026-09-23.md,"https://ted.europa.eu/en/notice/<id>/xml (curl: AWS WAF Human Verification, 8 attempts)",bot wall (WAF on XML endpoint outside browser),in-tab fetch of notice XML,2,TED notice text for GEO/AI-visibility tenders,none,no,yes,unknown-checked
